------------Epoch  1 -------------

--------------Training Set--------------
Loss :  1.5757173672468812
              precision    recall  f1-score   support

           0       0.56      0.42      0.48      5000
           1       0.41      0.72      0.52      5000
           2       0.42      0.14      0.21      5000
           3       0.36      0.27      0.30      5000
           4       0.39      0.36      0.38      5000
           5       0.46      0.28      0.35      5000
           6       0.43      0.56      0.48      5000
           7       0.40      0.63      0.49      5000
           8       0.51      0.60      0.55      5000
           9       0.49      0.41      0.45      5000

    accuracy                           0.44     50000
   macro avg       0.44      0.44      0.42     50000
weighted avg       0.44      0.44      0.42     50000


--------------Validation Set--------------
Loss :  1.5607947575859842
              precision    recall  f1-score   support

           0       0.56      0.43      0.48       488
           1       0.44      0.73      0.55       505
           2       0.45      0.15      0.23       512
           3       0.33      0.26      0.29       497
           4       0.40      0.34      0.37       507
           5       0.46      0.28      0.35       488
           6       0.43      0.58      0.50       491
           7       0.39      0.64      0.49       495
           8       0.51      0.63      0.56       504
           9       0.52      0.40      0.45       513

    accuracy                           0.44      5000
   macro avg       0.45      0.44      0.43      5000
weighted avg       0.45      0.44      0.43      5000


------------Epoch  2 -------------

--------------Training Set--------------
Loss :  1.4369874595622654
              precision    recall  f1-score   support

           0       0.57      0.43      0.49      5000
           1       0.46      0.78      0.58      5000
           2       0.50      0.20      0.29      5000
           3       0.41      0.32      0.36      5000
           4       0.42      0.43      0.42      5000
           5       0.51      0.32      0.39      5000
           6       0.46      0.62      0.53      5000
           7       0.47      0.63      0.54      5000
           8       0.55      0.65      0.60      5000
           9       0.55      0.48      0.51      5000

    accuracy                           0.49     50000
   macro avg       0.49      0.49      0.47     50000
weighted avg       0.49      0.49      0.47     50000


--------------Validation Set--------------
Loss :  1.435005433449374
              precision    recall  f1-score   support

           0       0.55      0.43      0.48       488
           1       0.49      0.78      0.60       505
           2       0.50      0.20      0.29       512
           3       0.40      0.31      0.35       497
           4       0.42      0.39      0.41       507
           5       0.50      0.34      0.41       488
           6       0.47      0.65      0.54       491
           7       0.45      0.63      0.53       495
           8       0.55      0.66      0.60       504
           9       0.55      0.46      0.50       513

    accuracy                           0.49      5000
   macro avg       0.49      0.49      0.47      5000
weighted avg       0.49      0.49      0.47      5000


------------Epoch  3 -------------

--------------Training Set--------------
Loss :  1.3650088862870189
              precision    recall  f1-score   support

           0       0.61      0.47      0.53      5000
           1       0.50      0.78      0.61      5000
           2       0.48      0.26      0.34      5000
           3       0.44      0.33      0.38      5000
           4       0.46      0.44      0.45      5000
           5       0.52      0.35      0.42      5000
           6       0.49      0.64      0.56      5000
           7       0.50      0.66      0.57      5000
           8       0.59      0.68      0.63      5000
           9       0.56      0.53      0.55      5000

    accuracy                           0.51     50000
   macro avg       0.51      0.51      0.50     50000
weighted avg       0.51      0.51      0.50     50000


--------------Validation Set--------------
Loss :  1.3718770862479637
              precision    recall  f1-score   support

           0       0.59      0.47      0.52       488
           1       0.53      0.79      0.63       505
           2       0.47      0.26      0.33       512
           3       0.45      0.34      0.38       497
           4       0.47      0.41      0.44       507
           5       0.51      0.35      0.42       488
           6       0.49      0.68      0.57       491
           7       0.47      0.65      0.55       495
           8       0.58      0.68      0.63       504
           9       0.55      0.51      0.53       513

    accuracy                           0.51      5000
   macro avg       0.51      0.51      0.50      5000
weighted avg       0.51      0.51      0.50      5000


------------Epoch  4 -------------

--------------Training Set--------------
Loss :  1.293272433459194
              precision    recall  f1-score   support

           0       0.61      0.53      0.57      5000
           1       0.55      0.78      0.64      5000
           2       0.52      0.29      0.37      5000
           3       0.43      0.42      0.42      5000
           4       0.49      0.45      0.47      5000
           5       0.51      0.40      0.45      5000
           6       0.53      0.65      0.59      5000
           7       0.55      0.66      0.60      5000
           8       0.63      0.70      0.67      5000
           9       0.58      0.56      0.57      5000

    accuracy                           0.54     50000
   macro avg       0.54      0.54      0.53     50000
weighted avg       0.54      0.54      0.53     50000


--------------Validation Set--------------
Loss :  1.311823947378315
              precision    recall  f1-score   support

           0       0.58      0.51      0.54       488
           1       0.57      0.76      0.65       505
           2       0.51      0.28      0.36       512
           3       0.42      0.41      0.42       497
           4       0.49      0.42      0.45       507
           5       0.49      0.40      0.44       488
           6       0.54      0.66      0.59       491
           7       0.53      0.66      0.59       495
           8       0.62      0.71      0.66       504
           9       0.58      0.56      0.57       513

    accuracy                           0.54      5000
   macro avg       0.53      0.54      0.53      5000
weighted avg       0.53      0.54      0.53      5000


------------Epoch  5 -------------

--------------Training Set--------------
Loss :  1.2654495944850799
              precision    recall  f1-score   support

           0       0.62      0.55      0.58      5000
           1       0.56      0.78      0.65      5000
           2       0.53      0.31      0.39      5000
           3       0.43      0.43      0.43      5000
           4       0.51      0.45      0.48      5000
           5       0.52      0.43      0.47      5000
           6       0.56      0.64      0.60      5000
           7       0.56      0.68      0.61      5000
           8       0.64      0.71      0.67      5000
           9       0.59      0.58      0.58      5000

    accuracy                           0.55     50000
   macro avg       0.55      0.55      0.55     50000
weighted avg       0.55      0.55      0.55     50000


--------------Validation Set--------------
Loss :  1.2887409386619637
              precision    recall  f1-score   support

           0       0.58      0.53      0.56       488
           1       0.58      0.76      0.66       505
           2       0.52      0.29      0.38       512
           3       0.43      0.42      0.42       497
           4       0.51      0.42      0.46       507
           5       0.49      0.41      0.45       488
           6       0.56      0.67      0.61       491
           7       0.52      0.67      0.59       495
           8       0.63      0.73      0.68       504
           9       0.59      0.57      0.58       513

    accuracy                           0.55      5000
   macro avg       0.54      0.55      0.54      5000
weighted avg       0.54      0.55      0.54      5000


--------------Test Set--------------
Loss :  1.3286839011157536
              precision    recall  f1-score   support

           0       0.64      0.54      0.58       512
           1       0.53      0.71      0.61       495
           2       0.51      0.29      0.37       488
           3       0.38      0.37      0.37       503
           4       0.47      0.42      0.44       493
           5       0.50      0.42      0.45       512
           6       0.55      0.65      0.60       509
           7       0.54      0.67      0.60       505
           8       0.59      0.66      0.62       496
           9       0.55      0.55      0.55       487

    accuracy                           0.53      5000
   macro avg       0.53      0.53      0.52      5000
weighted avg       0.53      0.53      0.52      5000

