
------------Epoch  1 -------------

--------------Training Set--------------
Loss :  0.1123980034569683
              precision    recall  f1-score   support

           0       0.97      0.99      0.98      5923
           1       0.96      0.99      0.98      6742
           2       0.97      0.96      0.97      5958
           3       0.98      0.94      0.96      6131
           4       0.96      0.98      0.97      5842
           5       0.95      0.97      0.96      5421
           6       0.99      0.96      0.98      5918
           7       0.99      0.95      0.96      6265
           8       0.97      0.93      0.95      5851
           9       0.92      0.97      0.94      5949

    accuracy                           0.96     60000
   macro avg       0.97      0.96      0.96     60000
weighted avg       0.97      0.96      0.96     60000


--------------Validation Set--------------
Loss :  0.13616665355938595
              precision    recall  f1-score   support

           0       0.94      0.99      0.96       460
           1       0.96      0.99      0.98       571
           2       0.97      0.95      0.96       530
           3       0.96      0.95      0.96       500
           4       0.95      0.96      0.96       500
           5       0.93      0.97      0.95       456
           6       0.98      0.91      0.95       462
           7       0.97      0.93      0.95       512
           8       0.97      0.93      0.95       489
           9       0.93      0.96      0.95       520

    accuracy                           0.96      5000
   macro avg       0.96      0.95      0.95      5000
weighted avg       0.96      0.96      0.96      5000


------------Epoch  2 -------------

--------------Training Set--------------

Loss :  0.084622377560736
              precision    recall  f1-score   support

           0       0.98      0.99      0.99      5923
           1       0.97      0.99      0.98      6742
           2       0.98      0.97      0.98      5958
           3       0.98      0.96      0.97      6131
           4       0.97      0.98      0.98      5842
           5       0.95      0.98      0.97      5421
           6       1.00      0.97      0.98      5918
           7       0.99      0.97      0.98      6265
           8       0.98      0.94      0.96      5851
           9       0.95      0.98      0.96      5949

    accuracy                           0.97     60000
   macro avg       0.97      0.97      0.97     60000
weighted avg       0.97      0.97      0.97     60000


--------------Validation Set--------------
Loss :  0.10778744586469338
              precision    recall  f1-score   support

           0       0.95      0.99      0.97       460
           1       0.96      1.00      0.98       571
           2       0.98      0.96      0.97       530
           3       0.96      0.97      0.96       500
           4       0.97      0.98      0.98       500
           5       0.93      0.99      0.96       456
           6       0.99      0.92      0.95       462
           7       0.97      0.95      0.96       512
           8       0.98      0.92      0.95       489
           9       0.96      0.97      0.96       520

    accuracy                           0.96      5000
   macro avg       0.97      0.96      0.96      5000
weighted avg       0.97      0.96      0.96      5000


------------Epoch  3 -------------

--------------Training Set--------------
Loss :  0.0719189215004148
              precision    recall  f1-score   support

           0       0.99      0.99      0.99      5923
           1       0.97      0.99      0.98      6742
           2       0.98      0.98      0.98      5958
           3       0.98      0.96      0.97      6131
           4       0.97      0.99      0.98      5842
           5       0.96      0.99      0.97      5421
           6       1.00      0.97      0.98      5918
           7       0.99      0.97      0.98      6265
           8       0.98      0.95      0.96      5851
           9       0.96      0.98      0.97      5949

    accuracy                           0.98     60000
   macro avg       0.98      0.98      0.98     60000
weighted avg       0.98      0.98      0.98     60000


--------------Validation Set--------------
Loss :  0.09346817270113965
              precision    recall  f1-score   support

           0       0.96      0.99      0.97       460
           1       0.96      1.00      0.98       571
           2       0.98      0.97      0.97       530
           3       0.97      0.97      0.97       500
           4       0.97      0.99      0.98       500
           5       0.94      0.99      0.97       456
           6       0.99      0.93      0.96       462
           7       0.98      0.96      0.97       512
           8       0.98      0.94      0.96       489
           9       0.97      0.97      0.97       520

    accuracy                           0.97      5000
   macro avg       0.97      0.97      0.97      5000
weighted avg       0.97      0.97      0.97      5000


------------Epoch  4 -------------

--------------Training Set--------------
Loss :  0.059680782925331265
              precision    recall  f1-score   support

           0       0.99      0.99      0.99      5923
           1       0.98      0.99      0.99      6742
           2       0.99      0.98      0.98      5958
           3       0.98      0.98      0.98      6131
           4       0.98      0.99      0.98      5842
           5       0.96      0.99      0.98      5421
           6       1.00      0.98      0.99      5918
           7       0.99      0.98      0.98      6265
           8       0.98      0.96      0.97      5851
           9       0.97      0.98      0.97      5949

    accuracy                           0.98     60000
   macro avg       0.98      0.98      0.98     60000
weighted avg       0.98      0.98      0.98     60000


--------------Validation Set--------------
Loss :  0.079593928974567
              precision    recall  f1-score   support

           0       0.96      0.99      0.97       460
           1       0.97      1.00      0.98       571
           2       0.98      0.97      0.98       530
           3       0.96      0.98      0.97       500
           4       0.98      0.99      0.98       500
           5       0.96      0.99      0.98       456
           6       0.99      0.94      0.96       462
           7       0.97      0.96      0.97       512
           8       0.98      0.95      0.96       489
           9       0.97      0.96      0.97       520

    accuracy                           0.97      5000
   macro avg       0.97      0.97      0.97      5000
weighted avg       0.97      0.97      0.97      5000


------------Epoch  5 -------------

--------------Training Set--------------
Loss :  0.05584600218845737
              precision    recall  f1-score   support

           0       0.99      0.99      0.99      5923
           1       0.99      0.99      0.99      6742
           2       0.99      0.98      0.99      5958
           3       0.98      0.98      0.98      6131
           4       0.98      0.99      0.99      5842
           5       0.97      0.99      0.98      5421
           6       1.00      0.98      0.99      5918
           7       0.99      0.98      0.98      6265
           8       0.98      0.96      0.97      5851
           9       0.97      0.98      0.98      5949

    accuracy                           0.98     60000
   macro avg       0.98      0.98      0.98     60000
weighted avg       0.98      0.98      0.98     60000


--------------Validation Set--------------
Loss :  0.0759827730290707
              precision    recall  f1-score   support

           0       0.96      1.00      0.98       460
           1       0.97      1.00      0.98       571
           2       0.98      0.97      0.98       530
           3       0.97      0.98      0.97       500
           4       0.98      0.99      0.98       500
           5       0.96      0.99      0.98       456
           6       1.00      0.94      0.96       462
           7       0.97      0.97      0.97       512
           8       0.98      0.95      0.97       489
           9       0.98      0.96      0.97       520

    accuracy                           0.97      5000
   macro avg       0.97      0.97      0.97      5000
weighted avg       0.97      0.97      0.97      5000


--------------Test Set--------------
Loss :  0.03345282965139031
              precision    recall  f1-score   support

           0       0.99      0.99      0.99       520
           1       1.00      0.99      1.00       564
           2       0.99      0.98      0.98       502
           3       0.99      0.99      0.99       510
           4       1.00      0.99      1.00       482
           5       0.99      0.99      0.99       436
           6       0.99      0.99      0.99       496
           7       0.99      0.99      0.99       516
           8       0.98      0.99      0.98       485
           9       0.98      0.99      0.99       489

    accuracy                           0.99      5000
   macro avg       0.99      0.99      0.99      5000
weighted avg       0.99      0.99      0.99      5000

